000001,I,LU0035744829,202312,21.485776,370.05,3.81,88.46,0.244,0,0,0,0,0,0,0,0,0,0,0,0,0.06,0,0,0,USD,49.846621,16.18,14.54,0,0,0,0,0,0,2,0,0,7974.95,233991.6,88.46,0.244,.029728,3,,,,,
000002,I,LU0571063014,202312,.053966,70.91,4.85,4000,58.252,1940.41,28.734,0,0,0,0,0,0,0,0,0,0,0.06,0,0,0,USD,49.846621,16.18,14.54,0,0,0,0,1,0,4,1586.11,0,19311.84,233991.6,2059.59,29.518,.029728,3,,,,,
000003,I,LU0563307809,202312,1.588858,141.52,3.91,229.64,1.649,0,0,0,0,0,0,0,0,0,0,0,0,0.47,0,0,0,USD,235.071298,0,0,0,0,1558.45,11.388,8,0,4,102171.64,0,86552.08,2311994.273,1788.09,13.037,1.093127,3,,,,,
000004,I,LU0563307635,202312,3.591491,44.52,3.49,927.13,21.015,732.95,16.467,0,0,0,0,0,0,0,0,0,0,0.47,0,0,0,USD,235.071298,0,0,0,0,0,0,17,0,5,630920.39,0,116587.64,2311994.273,194.18,4.548,1.093127,3,,,,,
000005,I,LU0137005913,202312,53.252046,523.72,2.63,36430.6,70.447,87711.66,170.633,0,1,0,0,0,0,56641,0,0,0,0.11,0,0,0,USD,2732.257256,0,0,0,0,1011.65,1.965,18,0,4,1141767.21,0,1874102.69,7657118.553,-50269.41,-98.221,3.072511,3,,,,,
000006,I,LU0129603360,202312,12.427339,331.34,4.45,772.94,2.374,11961.08,36.997,0,0,0,0,0,0,0,0,0,0,0.30,3.6424,0,0,USD,20.540127,0,0,0,0,0,0,2,0,4,9161.22,0,53393.45,85435.303,-11188.14,-34.623,.062555,3,,,,,
000007,I,LU0384406244,202312,5.758135,182.47,4.80,3682.68,20.875,427.26,2.345,0,0,0,0,0,0,0,0,0,0,3.63,0,5.5267,0,USD,108.959986,0,0,0,0,0,0,9,0,5,132752.76,0,128907.57,746511.893,3255.42,18.530,3.954913,3,,,,,
000008,I,LU0571082402,202312,3.979701,115.7,6.11,53808.69,480.027,55306.44,486.557,0,0,0,0,0,0,0,0,0,0,3.63,0,5.5267,0,USD,108.959986,0,0,2570.1,23.245,0,0,13,0,5,1176115.03,0,2489097.26,746511.893,-4067.85,-29.775,3.954913,3,,,,,
000009,I,LU0571066462,202312,23.296455,138.89,2.74,0,0,1227.61,8.854,0,0,0,0,0,0,0,0,0,0,1.12,0,0,0,USD,202.625314,0,1.98,0,0,0,0,0,0,0,0,0,0,1416979.12,-1227.61,-8.854,2.269111,3,,,,,
000010,I,LU1061952005,202312,.874061,69.15,2.34,2665.4,38.897,0,0,0,0,0,0,0,0,0,0,0,0,1.12,0,0,0,USD,202.625314,0,1.98,0,0,0,0,9,0,4,742400.21,0,131661.19,1416979.12,2665.4,38.897,2.269111,3,,,,,
000011,I,LU1061952187,202312,1.488126,123.43,2.85,1716.27,14.087,4387.52,36.137,0,0,2,0,0,0,0,99440,0,0,1.12,0,0,0,USD,202.625314,0,1.98,0,0,0,0,7,0,2,105874.18,0,1126672.74,1416979.12,-2671.25,-22.050,2.269111,3,,,,,
000012,I,LU1374299854,202312,.088641,62.9,3.33,144.45,2.359,0,0,0,0,0,0,0,0,0,0,0,0,0.47,0,0,0,USD,235.071298,0,0,0,0,0,0,2,0,2,28164.36,0,27600.83,2311994.273,144.45,2.359,1.093127,3,,,,,
000013,I,LU1374299938,202312,3.228757,618.12,3.22,11271.42,18.691,15391.91,25.622,0,0,0,0,0,0,0,0,0,0,0.47,0,0,0,USD,235.071298,0,0,0,0,0,0,2,0,2,543044.38,0,1654224.49,2311994.273,-4120.49,-6.931,1.093127,3,,,,,
000014,I,LU1374300298,202312,.012149,76.64,2.23,0,0,0,0,0,0,0,0,0,0,0,0,0,0,1.12,0,0,0,USD,202.625314,0,1.98,0,0,0,0,1,0,1,175.66,0,2211.14,1416979.12,0,0,2.269111,3,,,,,
000015,I,LU1374300371,202312,1.144726,699.98,2.12,33290.87,48.06,32867.66,47.443,0,0,0,0,0,0,0,0,0,0,1.12,0,0,0,USD,202.625314,0,1.98,0,0,0,0,2,0,2,466633.97,0,670169.95,1416979.12,423.21,0.617,2.269111,3,,,,,
